0319 0005 0019 0046 0053 0022 0020 0040 0029 0012 0004 0044 0043 0200 0036 0002 0008 0038 0059 0190 0180 0249 0221 0238 0201 0135 0296
0182 0274 0125 0104 0051 0217 0032 0050 0073 0183 0188 0160 0074 0145 0103 0222 0010 0011 0115 0110 0181 0231 0264 0310 0052 0121 0204
0045 0213 0030 0017 0033 0009 0021 0157 0080 0081 0275 0083 0298 0003 0013 0071 0137 0140 0107 0155 0072 0242 0161 0227 0068 0109 0070
0007 0244 0055 0047 0006 0025 0164 0079 0177 0210 0082 0084 0261 0024 0127 0150 0195 0171 0126 0146 0299 0138 0311 0297 0117 0228 0163
0016 0288 0037 0035 0066 0129 0167 0090 0091 0205 0165 0186 0280 0218 0096 0097 0014 0123 0085 0086 0271 0114 0075 0202 0147 0077 0100
0124 0196 0026 0251 0276 0031 0283 0095 0199 0273 0219 0220 0176 0197 0098 0099 0198 0088 0087 0089 0272 0193 0106 0174 0233 0108 0144
0253 0203 0216 0239 0105 0289 0162 0156 0240 0134 0185 0184 0260 0259 0094 0092 0229 0256 0279 0119 0318 0159 0158 0301 0168 0236 0170
0263 0166 0120 0018 0028 0057 0041 0148 0269 0113 0101 0194 0215 0153 0069 0224 0151 0152 0281 0118 0136 0230 0192 0268 0169 0226 0128
0015 0027 0049 0048 0067 0191 0130 0270 0246 0058 0093 0172 0225 0173 0237 0139 0111 0214 0142 0248 0149 0102 0187 0154 0282 0112 0189
0042 0023 0054 0056 0063 0178 0179 0309 0247 0262 0278 0258 0257 9999 0300 0131 0076 0175 0122 0265 0232 0235 0267 0241 0223 0207 0143
